# release: pcb 20110918

# To read pcb files, the pcb version (or the git source date) must be >= the file version
FileVersion[20070407]

PCB["XBEE_dip" 100000 125000]

Grid[500.0 0 0 0]
Cursor[59000 44500 0.000000]
PolyArea[3100.006200]
Thermal[0.500000]
DRC[1000 1000 1000 1000 1500 1000]
Flags("nameonpcb,uniquename,clearnew,snappin")
Groups("1,c:2:3:4:5:6,s:7:8")
Styles["Signal,1000,3600,2000,1000:Power,2500,6000,3500,1000:Fat,4000,6000,3500,1000:Skinny,600,2402,1181,600"]

Symbol[' ' 1800]
(
)
Symbol['!' 1200]
(
	SymbolLine[0 4500 0 5000 800]
	SymbolLine[0 1000 0 3500 800]
)
Symbol['"' 1200]
(
	SymbolLine[0 1000 0 2000 800]
	SymbolLine[1000 1000 1000 2000 800]
)
Symbol['#' 1200]
(
	SymbolLine[0 3500 2000 3500 800]
	SymbolLine[0 2500 2000 2500 800]
	SymbolLine[1500 2000 1500 4000 800]
	SymbolLine[500 2000 500 4000 800]
)
Symbol['$' 1200]
(
	SymbolLine[1500 1500 2000 2000 800]
	SymbolLine[500 1500 1500 1500 800]
	SymbolLine[0 2000 500 1500 800]
	SymbolLine[0 2000 0 2500 800]
	SymbolLine[0 2500 500 3000 800]
	SymbolLine[500 3000 1500 3000 800]
	SymbolLine[1500 3000 2000 3500 800]
	SymbolLine[2000 3500 2000 4000 800]
	SymbolLine[1500 4500 2000 4000 800]
	SymbolLine[500 4500 1500 4500 800]
	SymbolLine[0 4000 500 4500 800]
	SymbolLine[1000 1000 1000 5000 800]
)
Symbol['%' 1200]
(
	SymbolLine[0 1500 0 2000 800]
	SymbolLine[0 1500 500 1000 800]
	SymbolLine[500 1000 1000 1000 800]
	SymbolLine[1000 1000 1500 1500 800]
	SymbolLine[1500 1500 1500 2000 800]
	SymbolLine[1000 2500 1500 2000 800]
	SymbolLine[500 2500 1000 2500 800]
	SymbolLine[0 2000 500 2500 800]
	SymbolLine[0 5000 4000 1000 800]
	SymbolLine[3500 5000 4000 4500 800]
	SymbolLine[4000 4000 4000 4500 800]
	SymbolLine[3500 3500 4000 4000 800]
	SymbolLine[3000 3500 3500 3500 800]
	SymbolLine[2500 4000 3000 3500 800]
	SymbolLine[2500 4000 2500 4500 800]
	SymbolLine[2500 4500 3000 5000 800]
	SymbolLine[3000 5000 3500 5000 800]
)
Symbol['&' 1200]
(
	SymbolLine[0 4500 500 5000 800]
	SymbolLine[0 1500 0 2500 800]
	SymbolLine[0 1500 500 1000 800]
	SymbolLine[0 3500 1500 2000 800]
	SymbolLine[500 5000 1000 5000 800]
	SymbolLine[1000 5000 2000 4000 800]
	SymbolLine[0 2500 2500 5000 800]
	SymbolLine[500 1000 1000 1000 800]
	SymbolLine[1000 1000 1500 1500 800]
	SymbolLine[1500 1500 1500 2000 800]
	SymbolLine[0 3500 0 4500 800]
)
Symbol[''' 1200]
(
	SymbolLine[0 2000 1000 1000 800]
)
Symbol['(' 1200]
(
	SymbolLine[0 4500 500 5000 800]
	SymbolLine[0 1500 500 1000 800]
	SymbolLine[0 1500 0 4500 800]
)
Symbol[')' 1200]
(
	SymbolLine[0 1000 500 1500 800]
	SymbolLine[500 1500 500 4500 800]
	SymbolLine[0 5000 500 4500 800]
)
Symbol['*' 1200]
(
	SymbolLine[0 2000 2000 4000 800]
	SymbolLine[0 4000 2000 2000 800]
	SymbolLine[0 3000 2000 3000 800]
	SymbolLine[1000 2000 1000 4000 800]
)
Symbol['+' 1200]
(
	SymbolLine[0 3000 2000 3000 800]
	SymbolLine[1000 2000 1000 4000 800]
)
Symbol[',' 1200]
(
	SymbolLine[0 6000 1000 5000 800]
)
Symbol['-' 1200]
(
	SymbolLine[0 3000 2000 3000 800]
)
Symbol['.' 1200]
(
	SymbolLine[0 5000 500 5000 800]
)
Symbol['/' 1200]
(
	SymbolLine[0 4500 3000 1500 800]
)
Symbol['0' 1200]
(
	SymbolLine[0 4500 500 5000 800]
	SymbolLine[0 1500 0 4500 800]
	SymbolLine[0 1500 500 1000 800]
	SymbolLine[500 1000 1500 1000 800]
	SymbolLine[1500 1000 2000 1500 800]
	SymbolLine[2000 1500 2000 4500 800]
	SymbolLine[1500 5000 2000 4500 800]
	SymbolLine[500 5000 1500 5000 800]
	SymbolLine[0 4000 2000 2000 800]
)
Symbol['1' 1200]
(
	SymbolLine[0 1800 800 1000 800]
	SymbolLine[800 1000 800 5000 800]
	SymbolLine[0 5000 1500 5000 800]
)
Symbol['2' 1200]
(
	SymbolLine[0 1500 500 1000 800]
	SymbolLine[500 1000 2000 1000 800]
	SymbolLine[2000 1000 2500 1500 800]
	SymbolLine[2500 1500 2500 2500 800]
	SymbolLine[0 5000 2500 2500 800]
	SymbolLine[0 5000 2500 5000 800]
)
Symbol['3' 1200]
(
	SymbolLine[0 1500 500 1000 800]
	SymbolLine[500 1000 1500 1000 800]
	SymbolLine[1500 1000 2000 1500 800]
	SymbolLine[1500 5000 2000 4500 800]
	SymbolLine[500 5000 1500 5000 800]
	SymbolLine[0 4500 500 5000 800]
	SymbolLine[500 2800 1500 2800 800]
	SymbolLine[2000 1500 2000 2300 800]
	SymbolLine[2000 3300 2000 4500 800]
	SymbolLine[2000 3300 1500 2800 800]
	SymbolLine[2000 2300 1500 2800 800]
)
Symbol['4' 1200]
(
	SymbolLine[0 3500 2000 1000 800]
	SymbolLine[0 3500 2500 3500 800]
	SymbolLine[2000 1000 2000 5000 800]
)
Symbol['5' 1200]
(
	SymbolLine[0 1000 2000 1000 800]
	SymbolLine[0 1000 0 3000 800]
	SymbolLine[0 3000 500 2500 800]
	SymbolLine[500 2500 1500 2500 800]
	SymbolLine[1500 2500 2000 3000 800]
	SymbolLine[2000 3000 2000 4500 800]
	SymbolLine[1500 5000 2000 4500 800]
	SymbolLine[500 5000 1500 5000 800]
	SymbolLine[0 4500 500 5000 800]
)
Symbol['6' 1200]
(
	SymbolLine[1500 1000 2000 1500 800]
	SymbolLine[500 1000 1500 1000 800]
	SymbolLine[0 1500 500 1000 800]
	SymbolLine[0 1500 0 4500 800]
	SymbolLine[0 4500 500 5000 800]
	SymbolLine[1500 2800 2000 3300 800]
	SymbolLine[0 2800 1500 2800 800]
	SymbolLine[500 5000 1500 5000 800]
	SymbolLine[1500 5000 2000 4500 800]
	SymbolLine[2000 3300 2000 4500 800]
)
Symbol['7' 1200]
(
	SymbolLine[500 5000 2500 1000 800]
	SymbolLine[0 1000 2500 1000 800]
)
Symbol['8' 1200]
(
	SymbolLine[0 4500 500 5000 800]
	SymbolLine[0 3700 0 4500 800]
	SymbolLine[0 3700 700 3000 800]
	SymbolLine[700 3000 1300 3000 800]
	SymbolLine[1300 3000 2000 3700 800]
	SymbolLine[2000 3700 2000 4500 800]
	SymbolLine[1500 5000 2000 4500 800]
	SymbolLine[500 5000 1500 5000 800]
	SymbolLine[0 2300 700 3000 800]
	SymbolLine[0 1500 0 2300 800]
	SymbolLine[0 1500 500 1000 800]
	SymbolLine[500 1000 1500 1000 800]
	SymbolLine[1500 1000 2000 1500 800]
	SymbolLine[2000 1500 2000 2300 800]
	SymbolLine[1300 3000 2000 2300 800]
)
Symbol['9' 1200]
(
	SymbolLine[500 5000 2000 3000 800]
	SymbolLine[2000 1500 2000 3000 800]
	SymbolLine[1500 1000 2000 1500 800]
	SymbolLine[500 1000 1500 1000 800]
	SymbolLine[0 1500 500 1000 800]
	SymbolLine[0 1500 0 2500 800]
	SymbolLine[0 2500 500 3000 800]
	SymbolLine[500 3000 2000 3000 800]
)
Symbol[':' 1200]
(
	SymbolLine[0 2500 500 2500 800]
	SymbolLine[0 3500 500 3500 800]
)
Symbol[';' 1200]
(
	SymbolLine[0 5000 1000 4000 800]
	SymbolLine[1000 2500 1000 3000 800]
)
Symbol['<' 1200]
(
	SymbolLine[0 3000 1000 2000 800]
	SymbolLine[0 3000 1000 4000 800]
)
Symbol['=' 1200]
(
	SymbolLine[0 2500 2000 2500 800]
	SymbolLine[0 3500 2000 3500 800]
)
Symbol['>' 1200]
(
	SymbolLine[0 2000 1000 3000 800]
	SymbolLine[0 4000 1000 3000 800]
)
Symbol['?' 1200]
(
	SymbolLine[1000 3000 1000 3500 800]
	SymbolLine[1000 4500 1000 5000 800]
	SymbolLine[0 1500 0 2000 800]
	SymbolLine[0 1500 500 1000 800]
	SymbolLine[500 1000 1500 1000 800]
	SymbolLine[1500 1000 2000 1500 800]
	SymbolLine[2000 1500 2000 2000 800]
	SymbolLine[1000 3000 2000 2000 800]
)
Symbol['@' 1200]
(
	SymbolLine[0 1000 0 4000 800]
	SymbolLine[0 4000 1000 5000 800]
	SymbolLine[1000 5000 4000 5000 800]
	SymbolLine[5000 3500 5000 1000 800]
	SymbolLine[5000 1000 4000 0 800]
	SymbolLine[4000 0 1000 0 800]
	SymbolLine[1000 0 0 1000 800]
	SymbolLine[1500 2000 1500 3000 800]
	SymbolLine[1500 3000 2000 3500 800]
	SymbolLine[2000 3500 3000 3500 800]
	SymbolLine[3000 3500 3500 3000 800]
	SymbolLine[3500 3000 4000 3500 800]
	SymbolLine[3500 3000 3500 1500 800]
	SymbolLine[3500 2000 3000 1500 800]
	SymbolLine[2000 1500 3000 1500 800]
	SymbolLine[2000 1500 1500 2000 800]
	SymbolLine[4000 3500 5000 3500 800]
)
Symbol['A' 1200]
(
	SymbolLine[0 2000 0 5000 800]
	SymbolLine[0 2000 700 1000 800]
	SymbolLine[700 1000 1800 1000 800]
	SymbolLine[1800 1000 2500 2000 800]
	SymbolLine[2500 2000 2500 5000 800]
	SymbolLine[0 3000 2500 3000 800]
)
Symbol['B' 1200]
(
	SymbolLine[0 5000 2000 5000 800]
	SymbolLine[2000 5000 2500 4500 800]
	SymbolLine[2500 3300 2500 4500 800]
	SymbolLine[2000 2800 2500 3300 800]
	SymbolLine[500 2800 2000 2800 800]
	SymbolLine[500 1000 500 5000 800]
	SymbolLine[0 1000 2000 1000 800]
	SymbolLine[2000 1000 2500 1500 800]
	SymbolLine[2500 1500 2500 2300 800]
	SymbolLine[2000 2800 2500 2300 800]
)
Symbol['C' 1200]
(
	SymbolLine[700 5000 2000 5000 800]
	SymbolLine[0 4300 700 5000 800]
	SymbolLine[0 1700 0 4300 800]
	SymbolLine[0 1700 700 1000 800]
	SymbolLine[700 1000 2000 1000 800]
)
Symbol['D' 1200]
(
	SymbolLine[500 1000 500 5000 800]
	SymbolLine[1800 1000 2500 1700 800]
	SymbolLine[2500 1700 2500 4300 800]
	SymbolLine[1800 5000 2500 4300 800]
	SymbolLine[0 5000 1800 5000 800]
	SymbolLine[0 1000 1800 1000 800]
)
Symbol['E' 1200]
(
	SymbolLine[0 2800 1500 2800 800]
	SymbolLine[0 5000 2000 5000 800]
	SymbolLine[0 1000 0 5000 800]
	SymbolLine[0 1000 2000 1000 800]
)
Symbol['F' 1200]
(
	SymbolLine[0 1000 0 5000 800]
	SymbolLine[0 1000 2000 1000 800]
	SymbolLine[0 2800 1500 2800 800]
)
Symbol['G' 1200]
(
	SymbolLine[2000 1000 2500 1500 800]
	SymbolLine[500 1000 2000 1000 800]
	SymbolLine[0 1500 500 1000 800]
	SymbolLine[0 1500 0 4500 800]
	SymbolLine[0 4500 500 5000 800]
	SymbolLine[500 5000 2000 5000 800]
	SymbolLine[2000 5000 2500 4500 800]
	SymbolLine[2500 3500 2500 4500 800]
	SymbolLine[2000 3000 2500 3500 800]
	SymbolLine[1000 3000 2000 3000 800]
)
Symbol['H' 1200]
(
	SymbolLine[0 1000 0 5000 800]
	SymbolLine[2500 1000 2500 5000 800]
	SymbolLine[0 3000 2500 3000 800]
)
Symbol['I' 1200]
(
	SymbolLine[0 1000 1000 1000 800]
	SymbolLine[500 1000 500 5000 800]
	SymbolLine[0 5000 1000 5000 800]
)
Symbol['J' 1200]
(
	SymbolLine[700 1000 1500 1000 800]
	SymbolLine[1500 1000 1500 4500 800]
	SymbolLine[1000 5000 1500 4500 800]
	SymbolLine[500 5000 1000 5000 800]
	SymbolLine[0 4500 500 5000 800]
	SymbolLine[0 4500 0 4000 800]
)
Symbol['K' 1200]
(
	SymbolLine[0 1000 0 5000 800]
	SymbolLine[0 3000 2000 1000 800]
	SymbolLine[0 3000 2000 5000 800]
)
Symbol['L' 1200]
(
	SymbolLine[0 1000 0 5000 800]
	SymbolLine[0 5000 2000 5000 800]
)
Symbol['M' 1200]
(
	SymbolLine[0 1000 0 5000 800]
	SymbolLine[0 1000 1500 3000 800]
	SymbolLine[1500 3000 3000 1000 800]
	SymbolLine[3000 1000 3000 5000 800]
)
Symbol['N' 1200]
(
	SymbolLine[0 1000 0 5000 800]
	SymbolLine[0 1000 2500 5000 800]
	SymbolLine[2500 1000 2500 5000 800]
)
Symbol['O' 1200]
(
	SymbolLine[0 1500 0 4500 800]
	SymbolLine[0 1500 500 1000 800]
	SymbolLine[500 1000 1500 1000 800]
	SymbolLine[1500 1000 2000 1500 800]
	SymbolLine[2000 1500 2000 4500 800]
	SymbolLine[1500 5000 2000 4500 800]
	SymbolLine[500 5000 1500 5000 800]
	SymbolLine[0 4500 500 5000 800]
)
Symbol['P' 1200]
(
	SymbolLine[500 1000 500 5000 800]
	SymbolLine[0 1000 2000 1000 800]
	SymbolLine[2000 1000 2500 1500 800]
	SymbolLine[2500 1500 2500 2500 800]
	SymbolLine[2000 3000 2500 2500 800]
	SymbolLine[500 3000 2000 3000 800]
)
Symbol['Q' 1200]
(
	SymbolLine[0 1500 0 4500 800]
	SymbolLine[0 1500 500 1000 800]
	SymbolLine[500 1000 1500 1000 800]
	SymbolLine[1500 1000 2000 1500 800]
	SymbolLine[2000 1500 2000 4000 800]
	SymbolLine[1000 5000 2000 4000 800]
	SymbolLine[500 5000 1000 5000 800]
	SymbolLine[0 4500 500 5000 800]
	SymbolLine[1000 3500 2000 5000 800]
)
Symbol['R' 1200]
(
	SymbolLine[0 1000 2000 1000 800]
	SymbolLine[2000 1000 2500 1500 800]
	SymbolLine[2500 1500 2500 2500 800]
	SymbolLine[2000 3000 2500 2500 800]
	SymbolLine[500 3000 2000 3000 800]
	SymbolLine[500 1000 500 5000 800]
	SymbolLine[1300 3000 2500 5000 800]
)
Symbol['S' 1200]
(
	SymbolLine[2000 1000 2500 1500 800]
	SymbolLine[500 1000 2000 1000 800]
	SymbolLine[0 1500 500 1000 800]
	SymbolLine[0 1500 0 2500 800]
	SymbolLine[0 2500 500 3000 800]
	SymbolLine[500 3000 2000 3000 800]
	SymbolLine[2000 3000 2500 3500 800]
	SymbolLine[2500 3500 2500 4500 800]
	SymbolLine[2000 5000 2500 4500 800]
	SymbolLine[500 5000 2000 5000 800]
	SymbolLine[0 4500 500 5000 800]
)
Symbol['T' 1200]
(
	SymbolLine[0 1000 2000 1000 800]
	SymbolLine[1000 1000 1000 5000 800]
)
Symbol['U' 1200]
(
	SymbolLine[0 1000 0 4500 800]
	SymbolLine[0 4500 500 5000 800]
	SymbolLine[500 5000 1500 5000 800]
	SymbolLine[1500 5000 2000 4500 800]
	SymbolLine[2000 1000 2000 4500 800]
)
Symbol['V' 1200]
(
	SymbolLine[0 1000 1000 5000 800]
	SymbolLine[1000 5000 2000 1000 800]
)
Symbol['W' 1200]
(
	SymbolLine[0 1000 0 3000 800]
	SymbolLine[0 3000 500 5000 800]
	SymbolLine[500 5000 1500 3000 800]
	SymbolLine[1500 3000 2500 5000 800]
	SymbolLine[2500 5000 3000 3000 800]
	SymbolLine[3000 3000 3000 1000 800]
)
Symbol['X' 1200]
(
	SymbolLine[0 5000 2500 1000 800]
	SymbolLine[0 1000 2500 5000 800]
)
Symbol['Y' 1200]
(
	SymbolLine[0 1000 1000 3000 800]
	SymbolLine[1000 3000 2000 1000 800]
	SymbolLine[1000 3000 1000 5000 800]
)
Symbol['Z' 1200]
(
	SymbolLine[0 1000 2500 1000 800]
	SymbolLine[0 5000 2500 1000 800]
	SymbolLine[0 5000 2500 5000 800]
)
Symbol['[' 1200]
(
	SymbolLine[0 1000 500 1000 800]
	SymbolLine[0 1000 0 5000 800]
	SymbolLine[0 5000 500 5000 800]
)
Symbol['\' 1200]
(
	SymbolLine[0 1500 3000 4500 800]
)
Symbol[']' 1200]
(
	SymbolLine[0 1000 500 1000 800]
	SymbolLine[500 1000 500 5000 800]
	SymbolLine[0 5000 500 5000 800]
)
Symbol['^' 1200]
(
	SymbolLine[0 1500 500 1000 800]
	SymbolLine[500 1000 1000 1500 800]
)
Symbol['_' 1200]
(
	SymbolLine[0 5000 2000 5000 800]
)
Symbol['a' 1200]
(
	SymbolLine[1500 3000 2000 3500 800]
	SymbolLine[500 3000 1500 3000 800]
	SymbolLine[0 3500 500 3000 800]
	SymbolLine[0 3500 0 4500 800]
	SymbolLine[0 4500 500 5000 800]
	SymbolLine[2000 3000 2000 4500 800]
	SymbolLine[2000 4500 2500 5000 800]
	SymbolLine[500 5000 1500 5000 800]
	SymbolLine[1500 5000 2000 4500 800]
)
Symbol['b' 1200]
(
	SymbolLine[0 1000 0 5000 800]
	SymbolLine[0 4500 500 5000 800]
	SymbolLine[500 5000 1500 5000 800]
	SymbolLine[1500 5000 2000 4500 800]
	SymbolLine[2000 3500 2000 4500 800]
	SymbolLine[1500 3000 2000 3500 800]
	SymbolLine[500 3000 1500 3000 800]
	SymbolLine[0 3500 500 3000 800]
)
Symbol['c' 1200]
(
	SymbolLine[500 3000 2000 3000 800]
	SymbolLine[0 3500 500 3000 800]
	SymbolLine[0 3500 0 4500 800]
	SymbolLine[0 4500 500 5000 800]
	SymbolLine[500 5000 2000 5000 800]
)
Symbol['d' 1200]
(
	SymbolLine[2000 1000 2000 5000 800]
	SymbolLine[1500 5000 2000 4500 800]
	SymbolLine[500 5000 1500 5000 800]
	SymbolLine[0 4500 500 5000 800]
	SymbolLine[0 3500 0 4500 800]
	SymbolLine[0 3500 500 3000 800]
	SymbolLine[500 3000 1500 3000 800]
	SymbolLine[1500 3000 2000 3500 800]
)
Symbol['e' 1200]
(
	SymbolLine[500 5000 2000 5000 800]
	SymbolLine[0 4500 500 5000 800]
	SymbolLine[0 3500 0 4500 800]
	SymbolLine[0 3500 500 3000 800]
	SymbolLine[500 3000 1500 3000 800]
	SymbolLine[1500 3000 2000 3500 800]
	SymbolLine[0 4000 2000 4000 800]
	SymbolLine[2000 4000 2000 3500 800]
)
Symbol['f' 1000]
(
	SymbolLine[500 1500 500 5000 800]
	SymbolLine[500 1500 1000 1000 800]
	SymbolLine[1000 1000 1500 1000 800]
	SymbolLine[0 3000 1000 3000 800]
)
Symbol['g' 1200]
(
	SymbolLine[1500 3000 2000 3500 800]
	SymbolLine[500 3000 1500 3000 800]
	SymbolLine[0 3500 500 3000 800]
	SymbolLine[0 3500 0 4500 800]
	SymbolLine[0 4500 500 5000 800]
	SymbolLine[500 5000 1500 5000 800]
	SymbolLine[1500 5000 2000 4500 800]
	SymbolLine[0 6000 500 6500 800]
	SymbolLine[500 6500 1500 6500 800]
	SymbolLine[1500 6500 2000 6000 800]
	SymbolLine[2000 3000 2000 6000 800]
)
Symbol['h' 1200]
(
	SymbolLine[0 1000 0 5000 800]
	SymbolLine[0 3500 500 3000 800]
	SymbolLine[500 3000 1500 3000 800]
	SymbolLine[1500 3000 2000 3500 800]
	SymbolLine[2000 3500 2000 5000 800]
)
Symbol['i' 1000]
(
	SymbolLine[0 2000 0 2100 1000]
	SymbolLine[0 3500 0 5000 800]
)
Symbol['j' 1000]
(
	SymbolLine[500 2000 500 2100 1000]
	SymbolLine[500 3500 500 6000 800]
	SymbolLine[0 6500 500 6000 800]
)
Symbol['k' 1200]
(
	SymbolLine[0 1000 0 5000 800]
	SymbolLine[0 3500 1500 5000 800]
	SymbolLine[0 3500 1000 2500 800]
)
Symbol['l' 1000]
(
	SymbolLine[0 1000 0 4500 800]
	SymbolLine[0 4500 500 5000 800]
)
Symbol['m' 1200]
(
	SymbolLine[500 3500 500 5000 800]
	SymbolLine[500 3500 1000 3000 800]
	SymbolLine[1000 3000 1500 3000 800]
	SymbolLine[1500 3000 2000 3500 800]
	SymbolLine[2000 3500 2000 5000 800]
	SymbolLine[2000 3500 2500 3000 800]
	SymbolLine[2500 3000 3000 3000 800]
	SymbolLine[3000 3000 3500 3500 800]
	SymbolLine[3500 3500 3500 5000 800]
	SymbolLine[0 3000 500 3500 800]
)
Symbol['n' 1200]
(
	SymbolLine[500 3500 500 5000 800]
	SymbolLine[500 3500 1000 3000 800]
	SymbolLine[1000 3000 1500 3000 800]
	SymbolLine[1500 3000 2000 3500 800]
	SymbolLine[2000 3500 2000 5000 800]
	SymbolLine[0 3000 500 3500 800]
)
Symbol['o' 1200]
(
	SymbolLine[0 3500 0 4500 800]
	SymbolLine[0 3500 500 3000 800]
	SymbolLine[500 3000 1500 3000 800]
	SymbolLine[1500 3000 2000 3500 800]
	SymbolLine[2000 3500 2000 4500 800]
	SymbolLine[1500 5000 2000 4500 800]
	SymbolLine[500 5000 1500 5000 800]
	SymbolLine[0 4500 500 5000 800]
)
Symbol['p' 1200]
(
	SymbolLine[500 3500 500 6500 800]
	SymbolLine[0 3000 500 3500 800]
	SymbolLine[500 3500 1000 3000 800]
	SymbolLine[1000 3000 2000 3000 800]
	SymbolLine[2000 3000 2500 3500 800]
	SymbolLine[2500 3500 2500 4500 800]
	SymbolLine[2000 5000 2500 4500 800]
	SymbolLine[1000 5000 2000 5000 800]
	SymbolLine[500 4500 1000 5000 800]
)
Symbol['q' 1200]
(
	SymbolLine[2000 3500 2000 6500 800]
	SymbolLine[1500 3000 2000 3500 800]
	SymbolLine[500 3000 1500 3000 800]
	SymbolLine[0 3500 500 3000 800]
	SymbolLine[0 3500 0 4500 800]
	SymbolLine[0 4500 500 5000 800]
	SymbolLine[500 5000 1500 5000 800]
	SymbolLine[1500 5000 2000 4500 800]
)
Symbol['r' 1200]
(
	SymbolLine[500 3500 500 5000 800]
	SymbolLine[500 3500 1000 3000 800]
	SymbolLine[1000 3000 2000 3000 800]
	SymbolLine[0 3000 500 3500 800]
)
Symbol['s' 1200]
(
	SymbolLine[500 5000 2000 5000 800]
	SymbolLine[2000 5000 2500 4500 800]
	SymbolLine[2000 4000 2500 4500 800]
	SymbolLine[500 4000 2000 4000 800]
	SymbolLine[0 3500 500 4000 800]
	SymbolLine[0 3500 500 3000 800]
	SymbolLine[500 3000 2000 3000 800]
	SymbolLine[2000 3000 2500 3500 800]
	SymbolLine[0 4500 500 5000 800]
)
Symbol['t' 1000]
(
	SymbolLine[500 1000 500 4500 800]
	SymbolLine[500 4500 1000 5000 800]
	SymbolLine[0 2500 1000 2500 800]
)
Symbol['u' 1200]
(
	SymbolLine[0 3000 0 4500 800]
	SymbolLine[0 4500 500 5000 800]
	SymbolLine[500 5000 1500 5000 800]
	SymbolLine[1500 5000 2000 4500 800]
	SymbolLine[2000 3000 2000 4500 800]
)
Symbol['v' 1200]
(
	SymbolLine[0 3000 1000 5000 800]
	SymbolLine[2000 3000 1000 5000 800]
)
Symbol['w' 1200]
(
	SymbolLine[0 3000 0 4500 800]
	SymbolLine[0 4500 500 5000 800]
	SymbolLine[500 5000 1000 5000 800]
	SymbolLine[1000 5000 1500 4500 800]
	SymbolLine[1500 3000 1500 4500 800]
	SymbolLine[1500 4500 2000 5000 800]
	SymbolLine[2000 5000 2500 5000 800]
	SymbolLine[2500 5000 3000 4500 800]
	SymbolLine[3000 3000 3000 4500 800]
)
Symbol['x' 1200]
(
	SymbolLine[0 3000 2000 5000 800]
	SymbolLine[0 5000 2000 3000 800]
)
Symbol['y' 1200]
(
	SymbolLine[0 3000 0 4500 800]
	SymbolLine[0 4500 500 5000 800]
	SymbolLine[2000 3000 2000 6000 800]
	SymbolLine[1500 6500 2000 6000 800]
	SymbolLine[500 6500 1500 6500 800]
	SymbolLine[0 6000 500 6500 800]
	SymbolLine[500 5000 1500 5000 800]
	SymbolLine[1500 5000 2000 4500 800]
)
Symbol['z' 1200]
(
	SymbolLine[0 3000 2000 3000 800]
	SymbolLine[0 5000 2000 3000 800]
	SymbolLine[0 5000 2000 5000 800]
)
Symbol['{' 1200]
(
	SymbolLine[500 1500 1000 1000 800]
	SymbolLine[500 1500 500 2500 800]
	SymbolLine[0 3000 500 2500 800]
	SymbolLine[0 3000 500 3500 800]
	SymbolLine[500 3500 500 4500 800]
	SymbolLine[500 4500 1000 5000 800]
)
Symbol['|' 1200]
(
	SymbolLine[0 1000 0 5000 800]
)
Symbol['}' 1200]
(
	SymbolLine[0 1000 500 1500 800]
	SymbolLine[500 1500 500 2500 800]
	SymbolLine[500 2500 1000 3000 800]
	SymbolLine[500 3500 1000 3000 800]
	SymbolLine[500 3500 500 4500 800]
	SymbolLine[0 5000 500 4500 800]
)
Symbol['~' 1200]
(
	SymbolLine[0 3500 500 3000 800]
	SymbolLine[500 3000 1000 3000 800]
	SymbolLine[1000 3000 1500 3500 800]
	SymbolLine[1500 3500 2000 3500 800]
	SymbolLine[2000 3500 2500 3000 800]
)
Via[4000 29500 3600 2000 0 2000 "" ""]
Via[4000 37500 3600 2000 0 2000 "" ""]
Via[4000 53500 3600 2000 0 2000 "" ""]
Via[4000 61500 3600 2000 0 2000 "" ""]
Via[4000 69500 3600 2000 0 2000 "" ""]
Via[4000 77500 3600 2000 0 2000 "" ""]
Via[4000 93500 3600 2000 0 2000 "" ""]
Via[4000 101500 3600 2000 0 2000 "" ""]
Via[4000 85500 3600 2000 0 2000 "" ""]
Via[4000 45500 3600 2000 0 2000 "" ""]
Via[90500 29500 3600 2000 0 2000 "" ""]
Via[90500 37500 3600 2000 0 2000 "" ""]
Via[90500 53500 3600 2000 0 2000 "" ""]
Via[90500 61500 3600 2000 0 2000 "" ""]
Via[90500 69500 3600 2000 0 2000 "" ""]
Via[90500 77500 3600 2000 0 2000 "" ""]
Via[90500 93500 3600 2000 0 2000 "" ""]
Via[90500 101500 3600 2000 0 2000 "" ""]
Via[90500 85500 3600 2000 0 2000 "" ""]
Via[90500 45500 3600 2000 0 2000 "" ""]

Element["" "generic" "" "DIL 20 300" 35000 15510 17000 5000 3 100 ""]
(
	Pin[0 0 6000 3000 6600 2800 "1" "1" "square"]
	Pin[0 10000 6000 3000 6600 2800 "2" "2" ""]
	Pin[0 20000 6000 3000 6600 2800 "3" "3" ""]
	Pin[0 30000 6000 3000 6600 2800 "4" "4" ""]
	Pin[0 40000 6000 3000 6600 2800 "5" "5" ""]
	Pin[0 50000 6000 3000 6600 2800 "6" "6" ""]
	Pin[0 60000 6000 3000 6600 2800 "7" "7" ""]
	Pin[0 70000 6000 3000 6600 2800 "8" "8" ""]
	Pin[0 80000 6000 3000 6600 2800 "9" "9" ""]
	Pin[0 90000 6000 3000 6600 2800 "10" "10" ""]
	Pin[30000 90000 6000 3000 6600 2800 "11" "11" ""]
	Pin[30000 80000 6000 3000 6600 2800 "12" "12" ""]
	Pin[30000 70000 6000 3000 6600 2800 "13" "13" ""]
	Pin[30000 60000 6000 3000 6600 2800 "14" "14" ""]
	Pin[30000 50000 6000 3000 6600 2800 "15" "15" ""]
	Pin[30000 40000 6000 3000 6600 2800 "16" "16" ""]
	Pin[30000 30000 6000 3000 6600 2800 "17" "17" ""]
	Pin[30000 20000 6000 3000 6600 2800 "18" "18" ""]
	Pin[30000 10000 6000 3000 6600 2800 "19" "19" ""]
	Pin[30000 0 6000 3000 6600 2800 "20" "20" ""]
	ElementLine [-5000 -5000 -5000 95000 1000]
	ElementLine [-5000 95000 35000 95000 1000]
	ElementLine [35000 95000 35000 -5000 1000]
	ElementLine [-5000 -5000 10000 -5000 1000]
	ElementLine [20000 -5000 35000 -5000 1000]
	ElementArc [15000 -5000 5000 5000 0 180 1000]

	)
Layer(1 "top")
(
	Line[4000 101500 26990 101500 1000 2000 "clearline"]
	Line[4000 93500 28990 93500 1000 2000 "clearline"]
	Line[4000 29500 4000 22500 1000 2000 "clearline"]
	Line[4000 22500 11000 15500 1000 2000 "clearline"]
	Line[11000 15500 28010 15500 1000 2000 "clearline"]
	Line[35000 25510 22990 25510 1000 2000 "clearline"]
	Line[17500 25500 4000 37500 1000 2000 "clearline"]
	Line[14000 35500 4000 45500 1000 2000 "clearline"]
	Line[29500 54010 11490 54010 1000 2000 "clearline"]
	Line[11490 54010 4000 61500 1000 2000 "clearline"]
	Line[29500 64010 9490 64010 1000 2000 "clearline"]
	Line[9490 64010 4000 69500 1000 2000 "clearline"]
	Line[29500 74010 7490 74010 1000 2000 "clearline"]
	Line[7490 74010 4000 77500 1000 2000 "clearline"]
	Line[29500 84010 5490 84010 1000 2000 "clearline"]
	Line[5490 84010 4000 85500 1000 2000 "clearline"]
	Line[35000 105510 31000 105510 1000 2000 "clearline"]
	Line[26990 101500 31000 105510 1000 2000 "clearline"]
	Line[35000 95510 31510 95510 1000 2000 "clearline"]
	Line[31510 95510 29500 93500 1000 2000 "clearline"]
	Line[35000 85510 31000 85510 1000 2000 "clearline"]
	Line[31000 85510 29500 84010 1000 2000 "clearline"]
	Line[35000 75510 31500 75510 1000 2000 "clearline"]
	Line[31500 75510 30000 74010 1000 2000 "clearline"]
	Line[35000 65510 30500 65510 1000 2000 "clearline"]
	Line[30500 65510 29000 64010 1000 2000 "clearline"]
	Line[29245 53755 33245 53755 1000 2000 "clearline"]
	Line[33245 53755 35000 55510 1000 2000 "clearline"]
	Line[35000 45510 31000 45510 1000 2000 "clearline"]
	Line[31490 45510 11990 45510 1000 2000 "clearline"]
	Line[11990 45510 4000 53500 1000 2000 "clearline"]
	Line[35000 35510 13990 35510 1000 2000 "clearline"]
	Line[13990 35510 13750 35750 1000 2000 "clearline"]
	Line[23000 25510 18010 25510 1000 2000 "clearline"]
	Line[18010 25510 17765 25265 1000 2000 "clearline"]
	Line[35000 15510 27510 15510 1000 2000 "clearline"]
	Line[27510 15510 27500 15500 1000 2000 "clearline"]
	Line[90500 29500 87500 29500 1000 2000 "clearline"]
	Line[87500 29500 74000 16000 1000 2000 "clearline"]
	Line[74000 16000 65490 16000 1000 2000 "clearline"]
	Line[65490 16000 65000 15510 1000 2000 "clearline"]
	Line[65000 25510 72010 25510 1000 2000 "clearline"]
	Line[72010 25510 82500 36000 1000 2000 "clearline"]
	Line[82500 36000 89000 36000 1000 2000 "clearline"]
	Line[89000 36000 90500 37500 1000 2000 "clearline"]
	Line[90500 45500 74990 45500 1000 2000 "clearline"]
	Line[74990 45500 65000 35510 1000 2000 "clearline"]
	Line[65000 45510 66010 45510 1000 2000 "clearline"]
	Line[66010 45510 73500 53000 1000 2000 "clearline"]
	Line[73500 53000 90000 53000 1000 2000 "clearline"]
	Line[90000 53000 90500 53500 1000 2000 "clearline"]
	Line[90500 61500 70990 61500 1000 2000 "clearline"]
	Line[70990 61500 65000 55510 1000 2000 "clearline"]
	Line[65000 65510 86510 65510 1000 2000 "clearline"]
	Line[86510 65510 90500 69500 1000 2000 "clearline"]
	Line[90500 77500 66990 77500 1000 2000 "clearline"]
	Line[66990 77500 65000 75510 1000 2000 "clearline"]
	Line[65000 85510 90490 85510 1000 2000 "clearline"]
	Line[90490 85510 90500 85500 1000 2000 "clearline"]
	Line[90500 93500 67010 93500 1000 2000 "clearline"]
	Line[67010 93500 65000 95510 1000 2000 "clearline"]
	Line[65000 105510 86490 105510 1000 2000 "clearline"]
	Line[86490 105510 90500 101500 1000 2000 "clearline"]
	Polygon("clearpoly")
	(
		[0 500] [100000 500] [100000 125000] [0 125000] 
	)
)
Layer(2 "ground")
(
)
Layer(3 "signal2")
(
)
Layer(4 "signal3")
(
)
Layer(5 "power")
(
)
Layer(6 "bottom")
(
	Polygon("clearpoly")
	(
		[500 500] [100000 500] [100000 125000] [500 125000] 
	)
)
Layer(7 "outline")
(
)
Layer(8 "spare")
(
)
Layer(9 "silk")
(
)
Layer(10 "silk")
(
)
